[STATE]
ORIENT=3 2400.000000 25.135135 18.532819 0.000000
ZOOMPAN=42 78 374 699
ZOOMWINDOW=803.748441 0.000000 400.226587 -170.477106
LABELS=010100000000000000000000000001000010110000
SCALES1=0.100000
SCALES2=0.001066
SCALES3=0.100000
SCALES4=5.000000
SCALES5=0.050000
SCALES6=250.000000
SCALES7=250.000000
SCALES8=3.000000
SCALES9=3.000000
SCALES10=25.000000
SCALES11=5.000000
SCALES12=0.005000
SCALES13=0.030000
SCALES14=0.100000
SCALES15=0.200000
SCALES16=3.000000
SCALES17=3.000000
